1 1 2984 15 4078 4 18 1 3059 1164 12 52 13 0 13 8 14 30 12 242 4 146 7 7573 265 907 62 0 0 2 0 2288 0 55 0 0 3 
1 1 0 2315 2914 5 13 1 7718 5 1 5743 13 10718 15 141 760 14 7 3293 5 2245 93 25 4236 3922 0 9725 0 12 1999 2973 5 0 3 12800 3 12800 3 0 12 0 3 
1 1087 36 0 0 
1 81 273 2178 256 4 269 4 1 4313 4 28 5007 2 0 15 7 220 352 4 285 3 
1 5256 21 993 2476 2 32 186 3421 14 12 141 4132 8 6155 3778 14 20 246 167 1210 256 48 3 
1 1 1889 1354 61 909 6324 63 1 11562 8029 5 79 10491 64 265 218 51 28 558 1 2920 342 5 1 800 3 
1 1107 14 2476 1693 5 2373 8 1305 3 
1 1761 69 1628 1092 115 26 50 5451 411 14 1 923 4 5417 15 5389 19 220 3090 3 
1 3979 3554 6 7 10061 9823 14 12504 22 1 6906 943 20 12 141 6406 273 344 4 5820 20 3 36 30 5510 6441 20 155 3 
1 129 1066 5 778 5468 1107 7 11863 859 4525 5 12131 4766 3 
1 38 15 7 1889 177 770 1547 2 1704 8 5235 1548 8 79 3 
1 152 789 3425 58 0 15 29 5690 865 8 3231 11795 3 
1 0 0 15 0 1070 60 269 4 1 4766 119 4 18 2757 133 1 2126 2 1 722 2 1 2044 3 
1 48 5 1 2654 9234 2 0 4313 1092 3 
1 2692 2 20 11258 1 1191 60 313 393 141 196 3 
1 32 7652 4632 0 51 1562 20 113 6 35 1 2264 5 1 104 2980 3189 51 1092 2853 1074 63 720 3 
1 11324 81 4389 0 5839 3 
1 7 9516 170 82 6 1 464 3 
1 1 3421 12 4347 2 0 3741 24 6922 218 1480 4 1596 29 11975 10250 3 
1 1107 7 4374 5 1 757 557 5 1902 7521 3 
0 273 297 515 2316 25 92 14 0 15 167 137 3162 2 36 14 237 26 167 39 770 6333 58 8 14 2485 237 2 0 8 0 64 32 14024 11365 840 64 4822 48 219 3 
0 1 10600 31 5344 2 36 340 974 2 1 7744 15 380 6630 17 1 6837 5 1 1173 3 
0 137 196 7 316 1947 2 8 141 7075 5 12133 8 2434 14 20 1393 25 4 28 39 8380 22 79 3 
0 340 196 216 2 25 550 9833 3 
0 1 1002 4 753 49 7 339 10664 5 7136 9464 5256 23 1 2408 767 14 1 3421 26 1580 913 4 496 3 
0 20 12 5344 4397 2 36 1 1634 978 15 3296 17 0 12 0 581 8 1 1889 12 11048 4221 14 0 12 6615 16 6263 17 1 104 4901 5 1563 3 
0 7 0 10226 5 1 9953 4416 7667 8 8190 2 1 7595 8615 261 6818 15 773 196 2080 62 8052 55 409 62 9422 3 
0 9314 2 0 8 6299 
0 11 38 1874 5 1205 4 259 2 60 313 8981 4812 2 36 1 12815 2 2726 0 26 69 747 2268 2 8 0 15 68 5 44 1132 3 
0 0 15 79 7907 8 2501 3 
0 732 5391 12197 2 1 1235 1787 2 21 7516 12816 21 1 1737 125 18 2 26 29 2717 5 8922 2998 2 21 263 21 273 1320 29 1223 4 4395 3 
0 371 0 0 12 1002 4 617 6747 4 0 12 3651 7126 7927 588 2 20 15 25 550 4 304 1 1889 1 3810 20 141 4695 712 3 
0 20 12 996 4 18 7949 77 273 535 599 11666 3 
0 44 0 0 12 0 9823 712 61 733 0 4 496 50 5 1 5101 2 627 62 28 44 5559 854 4879 1335 58 20 3 
0 20 12 141 7144 8 658 0 14 20 2346 7 13112 4 2656 133 64 371 61 9756 3445 17 29 364 3 
0 7 4208 3421 14 61 90 24 4054 614 829 3 
0 71 31 172 6201 5 0 97 13238 113 36 38 3421 266 4909 18 48 5 121 3 
0 21 20 2432 2 8963 7633 26 1 8188 2 1963 8525 603 5 1 4827 0 2 35 1253 3995 5 7 12377 6692 11078 19 6313 2858 5 0 13964 3925 10 1 6692 12 2140 5 2898 3 
0 1 1205 1265 256 7 0 10980 3 
0 10292 15 0 2 36 20 12 200 340 2348 8 340 10580 3 
